[
    {
        "labels": [
            2,
            2,
            1,
            1,
            1,
            1,
            1,
            2,
            1,
            1,
            2,
            1,
            1,
            1,
            2,
            2,
            2,
            2,
            2,
            2,
            2,
            2,
            1,
            2,
            2
        ],
        "edges": [
            [
                0,
                1,
                2,
                7,
                8,
                10,
                11,
                13,
                14,
                15,
                16,
                17,
                20
            ],
            [
                0,
                1,
                3,
                6,
                7,
                8,
                11,
                13,
                16,
                17,
                18,
                19,
                21,
                22,
                23
            ],
            [
                0,
                1,
                3,
                6,
                7,
                8,
                16,
                17,
                18,
                19,
                21,
                22,
                23,
                24
            ],
            [
                0,
                1,
                3,
                7,
                8,
                10,
                11,
                13,
                14,
                16,
                17,
                18,
                19
            ],
            [
                0,
                1,
                3,
                7,
                8,
                11,
                13,
                16,
                17,
                18,
                19,
                21,
                23
            ],
            [
                2,
                3,
                4,
                5,
                8,
                9,
                11,
                12,
                13,
                14,
                15,
                16,
                17
            ]
        ]
    },
    {
        "labels": [
            1,
            1,
            2,
            2,
            2,
            1,
            1,
            1,
            1,
            1,
            2,
            1,
            2,
            2,
            1,
            1,
            2,
            2,
            1,
            1,
            1,
            2,
            2,
            2,
            2,
            1,
            2,
            2,
            2,
            2,
            2,
            2,
            2
        ],
        "edges": [
            [
                0,
                1,
                2,
                3,
                10,
                11,
                13,
                14,
                27
            ],
            [
                3,
                4,
                6,
                12,
                14,
                17,
                18,
                20,
                21,
                22,
                23,
                24,
                30
            ],
            [
                3,
                4,
                7,
                12,
                14,
                17,
                18,
                20,
                21,
                23,
                24,
                28,
                29
            ],
            [
                3,
                4,
                7,
                12,
                14,
                18,
                20,
                23,
                24,
                28,
                29,
                31,
                32
            ],
            [
                5,
                16,
                19,
                25,
                26
            ],
            [
                6,
                7,
                8,
                9,
                14,
                15,
                18,
                19,
                20,
                21,
                22,
                23,
                24
            ]
        ]
    },
    {
        "labels": [
            2,
            2,
            1,
            1,
            2,
            2,
            1,
            1,
            1,
            2,
            1,
            1,
            1,
            2,
            2,
            2,
            2,
            2,
            1,
            1,
            2,
            2,
            2,
            2,
            1,
            2,
            1,
            2,
            1,
            1
        ],
        "edges": [
            [
                0,
                1,
                3,
                9,
                14,
                15,
                17,
                23,
                24,
                28
            ],
            [
                1,
                2,
                5,
                6,
                7,
                8,
                10,
                11,
                13,
                16,
                22,
                25
            ],
            [
                3,
                4,
                17,
                28
            ],
            [
                3,
                12,
                23,
                27
            ],
            [
                15,
                18,
                19,
                20,
                21
            ],
            [
                17,
                26,
                29
            ]
        ]
    },
    {
        "labels": [
            2,
            2,
            1,
            1,
            1,
            1,
            1,
            1,
            2,
            1,
            1,
            2,
            2,
            1,
            1,
            1,
            2,
            2,
            2,
            2,
            1,
            2,
            2,
            2,
            2,
            2,
            1,
            2,
            2
        ],
        "edges": [
            [
                0,
                1,
                3,
                8,
                9,
                12,
                13,
                15,
                16,
                17,
                18,
                19,
                24
            ],
            [
                0,
                1,
                4,
                7,
                8,
                9,
                18,
                19,
                22,
                23,
                25,
                26,
                27,
                28
            ],
            [
                0,
                1,
                4,
                8,
                9,
                12,
                13,
                15,
                16,
                18,
                19,
                22,
                23
            ],
            [
                0,
                1,
                4,
                8,
                9,
                13,
                15,
                18,
                19,
                22,
                23,
                25,
                27
            ],
            [
                2,
                11,
                14,
                20,
                21
            ],
            [
                3,
                4,
                5,
                6,
                9,
                10,
                13,
                14,
                15,
                16,
                17,
                18,
                19
            ]
        ]
    },
    {
        "labels": [
            2,
            2,
            1,
            1,
            1,
            1,
            1,
            2,
            1,
            1,
            2,
            1,
            1,
            1,
            2,
            2,
            2,
            2,
            2,
            2,
            2,
            1,
            2,
            2,
            1,
            2,
            1,
            1,
            1,
            1,
            1,
            1,
            1,
            1
        ],
        "edges": [
            [
                0,
                1,
                3,
                6,
                7,
                8,
                16,
                17,
                18,
                19,
                20,
                21,
                22,
                23
            ],
            [
                0,
                1,
                3,
                7,
                8,
                10,
                11,
                13,
                14,
                16,
                17,
                18,
                19
            ],
            [
                0,
                1,
                3,
                7,
                8,
                11,
                13,
                16,
                17,
                18,
                19,
                20,
                22
            ],
            [
                2,
                3,
                4,
                5,
                8,
                9,
                11,
                12,
                13,
                14,
                15,
                16,
                17
            ],
            [
                3,
                6,
                7,
                16,
                18,
                20,
                21,
                24,
                26,
                27,
                29,
                30,
                31
            ],
            [
                3,
                6,
                7,
                16,
                20,
                21,
                24,
                25,
                26,
                27,
                28,
                29,
                30,
                31,
                32,
                33
            ]
        ]
    },
    {
        "labels": [
            2,
            2,
            1,
            1,
            2,
            1,
            1,
            1,
            2,
            2,
            2,
            2,
            2,
            1,
            2,
            1,
            2,
            2,
            2,
            2,
            1,
            1,
            1,
            1,
            1,
            1,
            1,
            1,
            2,
            2,
            2,
            2,
            2,
            2
        ],
        "edges": [
            [
                0,
                1,
                2,
                3,
                4,
                5,
                6,
                7,
                8,
                9,
                10,
                11,
                12,
                13,
                14
            ],
            [
                0,
                1,
                2,
                4,
                5,
                6,
                7,
                8,
                9,
                10,
                11,
                12,
                14
            ],
            [
                2,
                3,
                4,
                8,
                10,
                12,
                13,
                15,
                20,
                21,
                23,
                24,
                25
            ],
            [
                2,
                3,
                4,
                8,
                12,
                13,
                15,
                19,
                20,
                21,
                22,
                23,
                24,
                25,
                26,
                27
            ],
            [
                2,
                3,
                8,
                12,
                13,
                17,
                19,
                27,
                28,
                29,
                30,
                31,
                32
            ],
            [
                2,
                3,
                12,
                13,
                16,
                17,
                18,
                19,
                27,
                28,
                29,
                32,
                33
            ]
        ]
    },
    {
        "labels": [
            1,
            1,
            2,
            2,
            2,
            1,
            1,
            1,
            1,
            1,
            2,
            2,
            1,
            2,
            2,
            1,
            1,
            2,
            2,
            1,
            1,
            1,
            2,
            2,
            2,
            2,
            1,
            2,
            2,
            2
        ],
        "edges": [
            [
                0,
                1,
                2,
                3,
                10,
                12,
                14,
                15,
                28
            ],
            [
                0,
                2,
                5,
                10,
                11
            ],
            [
                2,
                5,
                10,
                11,
                20
            ],
            [
                3,
                4,
                6,
                13,
                15,
                18,
                19,
                21,
                22,
                23,
                24,
                25,
                29
            ],
            [
                5,
                17,
                20,
                26,
                27
            ],
            [
                6,
                7,
                8,
                9,
                15,
                16,
                19,
                20,
                21,
                22,
                23,
                24,
                25
            ]
        ]
    },
    {
        "labels": [
            2,
            1,
            1,
            1,
            2,
            1,
            1,
            1,
            1,
            1,
            1,
            2,
            2,
            2,
            2,
            2,
            2,
            2,
            1
        ],
        "edges": [
            [
                0,
                1,
                2,
                3,
                11,
                14
            ],
            [
                4,
                5,
                6,
                13
            ],
            [
                4,
                6,
                7,
                9,
                10,
                14
            ],
            [
                7,
                8,
                13,
                15,
                16
            ],
            [
                7,
                9,
                10,
                13,
                14
            ],
            [
                7,
                12,
                15,
                17,
                18
            ]
        ]
    },
    {
        "labels": [
            1,
            1,
            2,
            2,
            1,
            1,
            1,
            1,
            1,
            2,
            2,
            2,
            2,
            2,
            2,
            1,
            1,
            2,
            1,
            1,
            1,
            2,
            2,
            2,
            2,
            2,
            1,
            2,
            2
        ],
        "edges": [
            [
                0,
                1,
                2,
                3,
                4,
                7,
                9,
                10,
                12,
                14,
                15,
                16,
                18,
                19,
                20
            ],
            [
                5,
                6,
                11,
                12,
                21
            ],
            [
                5,
                6,
                12,
                13,
                21,
                22,
                23,
                24,
                26
            ],
            [
                5,
                6,
                12,
                21,
                22,
                24,
                25,
                26,
                27,
                28
            ],
            [
                6,
                8,
                17,
                21,
                22
            ],
            [
                6,
                12,
                21,
                24,
                26
            ]
        ]
    },
    {
        "labels": [
            2,
            2,
            1,
            1,
            1,
            1,
            1,
            2,
            1,
            1,
            2,
            1,
            1,
            1,
            2,
            2,
            2,
            2,
            2,
            2,
            2,
            2,
            1,
            2,
            2,
            2,
            2,
            2,
            2,
            1
        ],
        "edges": [
            [
                0,
                1,
                2,
                7,
                8,
                10,
                11,
                13,
                14,
                15,
                16,
                17,
                20
            ],
            [
                0,
                1,
                3,
                6,
                7,
                8,
                11,
                13,
                16,
                17,
                18,
                19,
                21,
                22,
                23
            ],
            [
                0,
                1,
                3,
                7,
                8,
                10,
                11,
                13,
                14,
                16,
                17,
                18,
                19
            ],
            [
                0,
                1,
                3,
                7,
                8,
                11,
                13,
                16,
                17,
                18,
                19,
                21,
                23
            ],
            [
                2,
                3,
                4,
                5,
                8,
                9,
                11,
                12,
                13,
                14,
                15,
                16,
                17
            ],
            [
                3,
                6,
                7,
                16,
                18,
                21,
                22,
                24,
                25,
                26,
                27,
                28,
                29
            ]
        ]
    },
    {
        "labels": [
            2,
            2,
            1,
            1,
            1,
            1,
            1,
            2,
            1,
            1,
            2,
            1,
            1,
            1,
            2,
            2,
            2,
            2,
            2,
            2,
            2,
            2,
            1,
            2,
            1,
            2,
            1,
            1,
            1,
            1,
            1,
            1,
            1,
            1
        ],
        "edges": [
            [
                0,
                1,
                2,
                7,
                8,
                10,
                11,
                13,
                14,
                15,
                16,
                17,
                20
            ],
            [
                0,
                1,
                3,
                7,
                8,
                10,
                11,
                13,
                14,
                16,
                17,
                18,
                19
            ],
            [
                0,
                1,
                3,
                7,
                8,
                11,
                13,
                16,
                17,
                18,
                19,
                21,
                23
            ],
            [
                2,
                3,
                4,
                5,
                8,
                9,
                11,
                12,
                13,
                14,
                15,
                16,
                17
            ],
            [
                3,
                6,
                7,
                16,
                18,
                21,
                22,
                24,
                26,
                27,
                29,
                30,
                31
            ],
            [
                3,
                6,
                7,
                16,
                21,
                22,
                24,
                25,
                26,
                27,
                28,
                29,
                30,
                31,
                32,
                33
            ]
        ]
    },
    {
        "labels": [
            2,
            2,
            1,
            1,
            1,
            1,
            1,
            2,
            1,
            1,
            2,
            1,
            1,
            1,
            2,
            2,
            2,
            2,
            2,
            2,
            2,
            2,
            1,
            2,
            2,
            2,
            2,
            2,
            2,
            1
        ],
        "edges": [
            [
                0,
                1,
                2,
                7,
                8,
                10,
                11,
                13,
                14,
                15,
                16,
                17,
                20
            ],
            [
                0,
                1,
                3,
                6,
                7,
                8,
                11,
                13,
                16,
                17,
                18,
                19,
                21,
                22,
                23
            ],
            [
                0,
                1,
                3,
                7,
                8,
                10,
                11,
                13,
                14,
                16,
                17,
                18,
                19
            ],
            [
                0,
                1,
                3,
                7,
                8,
                11,
                13,
                16,
                17,
                18,
                19,
                21,
                23
            ],
            [
                2,
                3,
                4,
                5,
                8,
                9,
                11,
                12,
                13,
                14,
                15,
                16,
                17
            ],
            [
                3,
                6,
                7,
                16,
                18,
                21,
                22,
                24,
                25,
                26,
                27,
                28,
                29
            ]
        ]
    },
    {
        "labels": [
            1,
            1,
            2,
            1,
            1,
            2,
            1,
            1,
            2,
            2,
            2,
            2,
            2,
            2,
            2,
            2,
            1,
            2,
            2,
            2,
            2,
            2,
            2,
            2,
            2,
            1,
            2,
            2,
            2,
            1
        ],
        "edges": [
            [
                0,
                1,
                2,
                5,
                6,
                9,
                13,
                16,
                19,
                20,
                21,
                22,
                23
            ],
            [
                0,
                1,
                5,
                6,
                8,
                9,
                12,
                13,
                16,
                19,
                20,
                23,
                26
            ],
            [
                3,
                4,
                7,
                11,
                14,
                15,
                17,
                18,
                20
            ],
            [
                3,
                4,
                10,
                15,
                17,
                20,
                24,
                25,
                27,
                28
            ],
            [
                4,
                10,
                15,
                20,
                25
            ],
            [
                4,
                10,
                15,
                24,
                25,
                27,
                29
            ]
        ]
    },
    {
        "labels": [
            2,
            2,
            2,
            1,
            2,
            1,
            2,
            2,
            2,
            2,
            1,
            1,
            1,
            1,
            1,
            1,
            1,
            1,
            1,
            2,
            1,
            2,
            2,
            2
        ],
        "edges": [
            [
                0,
                1,
                3,
                4,
                6,
                7,
                8,
                9,
                10,
                15
            ],
            [
                2,
                3,
                4,
                9,
                10
            ],
            [
                5,
                8,
                9,
                14
            ],
            [
                8,
                11,
                12,
                19
            ],
            [
                8,
                11,
                12,
                21
            ],
            [
                11,
                13,
                16,
                17,
                18,
                20,
                21,
                22,
                23
            ]
        ]
    },
    {
        "labels": [
            2,
            2,
            1,
            1,
            2,
            2,
            1,
            2,
            2,
            1,
            1,
            2,
            1,
            1,
            1,
            1,
            2,
            2,
            1,
            2,
            1,
            2,
            2,
            2,
            2,
            1,
            2,
            2,
            2,
            2,
            1
        ],
        "edges": [
            [
                0,
                2,
                3,
                6,
                11
            ],
            [
                0,
                2,
                3,
                6,
                19,
                24
            ],
            [
                1,
                2,
                4,
                5,
                7,
                8,
                9,
                13,
                16
            ],
            [
                10,
                12,
                17,
                21,
                26
            ],
            [
                12,
                15,
                18,
                21,
                24
            ],
            [
                14,
                15,
                20,
                22,
                23,
                25,
                27,
                28,
                29,
                30
            ]
        ]
    },
    {
        "labels": [
            2,
            2,
            1,
            1,
            2,
            2,
            1,
            2,
            2,
            1,
            2,
            2,
            1,
            2,
            1,
            1,
            2,
            2,
            2,
            2,
            2,
            2,
            1,
            1,
            2,
            1,
            2,
            1,
            1,
            2,
            1,
            2,
            2
        ],
        "edges": [
            [
                0,
                1,
                2,
                5,
                8,
                10,
                13,
                20,
                22,
                27
            ],
            [
                0,
                2,
                3,
                12,
                24
            ],
            [
                0,
                2,
                3,
                12,
                31,
                32
            ],
            [
                4,
                5,
                6,
                7,
                9,
                11,
                14,
                15,
                16,
                17,
                18,
                19,
                21
            ],
            [
                4,
                5,
                6,
                7,
                9,
                14,
                15,
                17,
                18,
                19,
                21,
                26,
                29
            ],
            [
                13,
                23,
                25,
                28,
                30,
                32
            ]
        ]
    },
    {
        "labels": [
            2,
            2,
            1,
            1,
            1,
            2,
            1,
            2,
            1,
            1,
            2,
            2,
            2,
            2,
            2,
            2,
            2,
            2,
            1,
            2,
            2,
            2,
            2,
            2,
            2,
            1,
            2,
            2,
            2,
            2,
            2,
            2
        ],
        "edges": [
            [
                0,
                1,
                2,
                5,
                6,
                7,
                8,
                9,
                10,
                11,
                12,
                13,
                16
            ],
            [
                0,
                1,
                3,
                4,
                5,
                6,
                8,
                9,
                12,
                13,
                14,
                15,
                17,
                18,
                19
            ],
            [
                0,
                1,
                3,
                4,
                5,
                6,
                12,
                13,
                14,
                15,
                17,
                18,
                19,
                20
            ],
            [
                0,
                1,
                3,
                5,
                6,
                7,
                8,
                9,
                10,
                12,
                13,
                14,
                15
            ],
            [
                3,
                4,
                12,
                17,
                18,
                22,
                24,
                25,
                26,
                27,
                28,
                29,
                30
            ],
            [
                3,
                4,
                17,
                18,
                21,
                22,
                23,
                24,
                25,
                26,
                27,
                30,
                31
            ]
        ]
    },
    {
        "labels": [
            2,
            2,
            2,
            1,
            1,
            2,
            2,
            1,
            1,
            1,
            1,
            1,
            2,
            2,
            1,
            1,
            2,
            2,
            1,
            2,
            1,
            1,
            1,
            2,
            2,
            2,
            2,
            2,
            1,
            2,
            2,
            1,
            2
        ],
        "edges": [
            [
                0,
                1,
                3,
                6,
                13,
                16,
                19,
                27,
                28,
                31
            ],
            [
                0,
                3,
                4,
                18,
                32
            ],
            [
                2,
                3,
                6,
                27,
                28
            ],
            [
                3,
                11,
                27,
                30
            ],
            [
                5,
                6,
                7,
                12,
                14,
                17,
                20,
                22,
                23,
                24,
                25,
                26,
                29
            ],
            [
                7,
                8,
                9,
                10,
                14,
                15,
                20,
                21,
                22,
                23,
                24,
                25,
                26
            ]
        ]
    },
    {
        "labels": [
            2,
            1,
            1,
            1,
            2,
            2,
            2,
            2,
            1,
            2,
            1,
            1,
            2,
            2,
            2,
            1,
            2,
            1,
            1,
            2,
            2,
            2,
            2,
            2,
            2,
            1,
            1,
            1,
            2,
            1,
            1,
            1,
            2
        ],
        "edges": [
            [
                0,
                1,
                7,
                23,
                25
            ],
            [
                0,
                7,
                13,
                16,
                23,
                26,
                27,
                31,
                32
            ],
            [
                0,
                26,
                27,
                32
            ],
            [
                1,
                5,
                16,
                29
            ],
            [
                2,
                3,
                4,
                6,
                9,
                10,
                14,
                15,
                21
            ],
            [
                6,
                7,
                8,
                11,
                12,
                15,
                17,
                18,
                19,
                20,
                22,
                24,
                28,
                30,
                32
            ]
        ]
    },
    {
        "labels": [
            2,
            1,
            1,
            2,
            1,
            2,
            2,
            2,
            1,
            1,
            1,
            1,
            2,
            1,
            1,
            1,
            1,
            2,
            2,
            2
        ],
        "edges": [
            [
                0,
                1,
                2,
                12,
                18,
                19
            ],
            [
                0,
                1,
                7,
                11
            ],
            [
                2,
                3,
                4,
                5,
                6
            ],
            [
                7,
                8,
                9,
                10,
                13,
                14,
                15,
                16,
                17,
                18
            ],
            [
                7,
                9,
                10,
                14,
                15,
                18
            ],
            [
                10,
                14,
                15,
                17,
                18
            ]
        ]
    }
]