[
    {
            "labels": [
                2,
                2,
                1,
                2,
                2,
                2,
                2,
                1,
                1,
                1,
                1,
                1,
                2,
                2
            ],
            "edges": [
                [
                    0,
                    2,
                    6,
                    7
                ],
                [
                    1,
                    2,
                    3,
                    4,
                    5,
                    6,
                    7,
                    11,
                    12
                ],
                [
                    1,
                    4,
                    5,
                    6,
                    8,
                    9,
                    10,
                    12,
                    13
                ]
            ]
        }
]