[
    {
        "labels": [
            1,
            1,
            2,
            2,
            1,
            2,
            2,
            2,
            1,
            1,
            1,
            1,
            2,
            1,
            2,
            2,
            1,
            2,
            1
        ],
        "edges": [
            [
                0,
                2,
                4,
                5,
                6,
                7,
                8,
                9,
                10,
                11,
                12,
                13
            ],
            [
                1,
                3,
                12,
                14,
                16
            ],
            [
                1,
                3,
                12,
                15,
                16,
                17,
                18
            ]
        ]
    },
    {
        "labels": [
            2,
            2,
            1,
            1,
            1,
            1,
            2,
            2,
            2,
            1,
            1,
            1,
            2,
            2
        ],
        "edges": [
            [
                0,
                2,
                4,
                8
            ],
            [
                0,
                3,
                5,
                8
            ],
            [
                1,
                6,
                7,
                8,
                9,
                10,
                11,
                12,
                13
            ]
        ]
    },
    {
        "labels": [
            2,
            2,
            1,
            2,
            2,
            2,
            2,
            1,
            1,
            1,
            1,
            1,
            2,
            2
        ],
        "edges": [
            [
                0,
                2,
                6,
                7
            ],
            [
                1,
                2,
                3,
                4,
                5,
                6,
                7,
                11,
                12
            ],
            [
                1,
                4,
                5,
                6,
                8,
                9,
                10,
                12,
                13
            ]
        ]
    },
    {
        "labels": [
            2,
            1,
            1,
            1,
            2,
            1,
            1,
            2,
            2,
            2
        ],
        "edges": [
            [
                0,
                1,
                2,
                4,
                8,
                9
            ],
            [
                1,
                2,
                4,
                8,
                9
            ],
            [
                3,
                5,
                6,
                7,
                8
            ]
        ]
    },
    {
        "labels": [
            2,
            2,
            1,
            1,
            1,
            1,
            2,
            1,
            1,
            2,
            1,
            1,
            1,
            2,
            2,
            2,
            2,
            2,
            2,
            2
        ],
        "edges": [
            [
                0,
                1,
                2,
                6,
                7,
                9,
                10,
                12,
                13,
                14,
                15,
                16,
                19
            ],
            [
                0,
                1,
                3,
                6,
                7,
                9,
                10,
                12,
                13,
                15,
                16,
                17,
                18
            ],
            [
                2,
                3,
                4,
                5,
                7,
                8,
                10,
                11,
                12,
                13,
                14,
                15,
                16
            ]
        ]
    },
    {
        "labels": [
            1,
            1,
            1,
            1,
            2,
            1,
            2,
            2,
            2,
            2,
            1,
            2,
            2,
            2,
            2,
            1,
            2,
            1
        ],
        "edges": [
            [
                0,
                2,
                3,
                6,
                9
            ],
            [
                0,
                4,
                11,
                14,
                15
            ],
            [
                1,
                2,
                5,
                7,
                8,
                10,
                12,
                13,
                16,
                17
            ]
        ]
    },
    {
        "labels": [
            2,
            2,
            1,
            1,
            1,
            1,
            1,
            1,
            2,
            2,
            2,
            2,
            2,
            2,
            1,
            2,
            2,
            2,
            1
        ],
        "edges": [
            [
                0,
                1,
                2,
                3,
                4,
                6,
                7,
                8,
                10,
                11,
                12,
                16
            ],
            [
                1,
                3,
                7,
                9,
                10,
                12,
                16,
                17,
                18
            ],
            [
                5,
                10,
                13,
                14,
                15
            ]
        ]
    },
    {
        "labels": [
            2,
            2,
            2,
            1,
            2,
            2,
            2,
            2,
            2,
            1,
            1,
            1
        ],
        "edges": [
            [
                0,
                1,
                3,
                4,
                5,
                6,
                7,
                8,
                9,
                10
            ],
            [
                0,
                3,
                8,
                9
            ],
            [
                2,
                4,
                8,
                11
            ]
        ]
    },
    {
        "labels": [
            2,
            2,
            1,
            1,
            1,
            1,
            1,
            2,
            2,
            2,
            2,
            1,
            1,
            1,
            1,
            2,
            2,
            2
        ],
        "edges": [
            [
                0,
                1,
                2,
                3,
                4,
                5,
                6,
                7,
                8,
                9,
                10,
                17
            ],
            [
                8,
                12,
                14,
                15,
                16
            ],
            [
                11,
                12,
                13,
                15,
                16
            ]
        ]
    },
    {
        "labels": [
            2,
            1,
            1,
            1,
            1,
            2,
            1,
            1,
            2,
            2,
            1,
            2,
            2,
            2,
            2
        ],
        "edges": [
            [
                0,
                1,
                2,
                3,
                4,
                5,
                7,
                8,
                9,
                10,
                11,
                12
            ],
            [
                0,
                1,
                2,
                4,
                5,
                7,
                8,
                9,
                11,
                12
            ],
            [
                1,
                2,
                4,
                6,
                7,
                8,
                9,
                10,
                13,
                14
            ]
        ]
    },
    {
        "labels": [
            1,
            1,
            2,
            2,
            2,
            2,
            2,
            2,
            1,
            2,
            2,
            2,
            1
        ],
        "edges": [
            [
                0,
                1,
                2,
                4,
                6
            ],
            [
                0,
                5,
                6,
                7,
                9,
                10,
                11,
                12
            ],
            [
                1,
                3,
                6,
                7,
                8,
                9,
                12
            ]
        ]
    },
    {
        "labels": [
            2,
            1,
            1,
            2,
            2,
            2,
            1,
            2,
            1,
            2,
            1,
            1,
            1,
            2,
            2,
            2
        ],
        "edges": [
            [
                0,
                1,
                2,
                3,
                5,
                6,
                7,
                9,
                11,
                12
            ],
            [
                0,
                4,
                8,
                10,
                13
            ],
            [
                4,
                8,
                10,
                13,
                14,
                15
            ]
        ]
    },
    {
        "labels": [
            2,
            1,
            1,
            1,
            1,
            1,
            1,
            2,
            1,
            2,
            2
        ],
        "edges": [
            [
                0,
                1,
                2,
                3,
                4,
                5,
                6,
                8,
                9,
                10
            ],
            [
                0,
                1,
                2,
                7
            ],
            [
                0,
                2,
                3,
                5,
                6,
                10
            ]
        ]
    },
    {
        "labels": [
            2,
            1,
            1,
            1,
            2,
            1,
            1,
            2,
            2,
            1,
            2,
            2,
            2,
            2,
            2,
            2,
            2,
            2,
            1
        ],
        "edges": [
            [
                0,
                1,
                2,
                3,
                4,
                6,
                7,
                8,
                10,
                11
            ],
            [
                1,
                2,
                3,
                5,
                6,
                7,
                8,
                9,
                12,
                13
            ],
            [
                1,
                3,
                6,
                8,
                13,
                14,
                15,
                16,
                17,
                18
            ]
        ]
    },
    {
        "labels": [
            1,
            1,
            2,
            1,
            1,
            1,
            2,
            1,
            1,
            1,
            1,
            2,
            2,
            2,
            2
        ],
        "edges": [
            [
                0,
                1,
                6,
                12,
                13
            ],
            [
                2,
                3,
                4,
                5,
                7,
                8,
                9,
                10,
                11,
                12
            ],
            [
                3,
                5,
                7,
                8,
                9,
                10,
                11,
                12,
                14
            ]
        ]
    },
    {
        "labels": [
            2,
            2,
            1,
            1,
            2,
            1,
            2,
            1,
            1,
            2,
            2,
            2,
            2,
            2,
            2,
            1,
            2
        ],
        "edges": [
            [
                0,
                1,
                2,
                3,
                4,
                5,
                7,
                8,
                10,
                11,
                12,
                13,
                14,
                15,
                16
            ],
            [
                0,
                1,
                2,
                4,
                5,
                6,
                7,
                8,
                9,
                10,
                11,
                12,
                13
            ],
            [
                0,
                1,
                2,
                4,
                5,
                7,
                8,
                10,
                11,
                12,
                13,
                14,
                16
            ]
        ]
    },
    {
        "labels": [
            2,
            1,
            2,
            2,
            2,
            2,
            1,
            1,
            1,
            1,
            1,
            2
        ],
        "edges": [
            [
                0,
                1,
                2,
                3,
                4,
                5,
                6,
                9,
                11
            ],
            [
                0,
                2,
                3,
                4,
                5,
                7,
                8,
                10,
                11
            ],
            [
                0,
                7,
                8,
                11
            ]
        ]
    },
    {
        "labels": [
            2,
            1,
            1,
            1,
            1,
            1,
            2,
            1,
            2,
            2,
            2,
            2,
            2,
            2,
            2
        ],
        "edges": [
            [
                0,
                2,
                3,
                5,
                7,
                10
            ],
            [
                1,
                3,
                4,
                8,
                9,
                11,
                12,
                13,
                14
            ],
            [
                1,
                3,
                6,
                9,
                11
            ]
        ]
    },
    {
        "labels": [
            2,
            2,
            1,
            1,
            2,
            1,
            2,
            1,
            1,
            2,
            2,
            2,
            2,
            2,
            2,
            2,
            2,
            2
        ],
        "edges": [
            [
                0,
                1,
                2,
                4,
                5,
                6,
                7,
                8,
                9,
                10,
                11,
                12,
                15
            ],
            [
                0,
                1,
                3,
                4,
                5,
                6,
                7,
                8,
                9,
                11,
                12,
                13,
                14
            ],
            [
                0,
                1,
                3,
                4,
                5,
                7,
                8,
                11,
                12,
                13,
                14,
                16,
                17
            ]
        ]
    },
    {
        "labels": [
            2,
            2,
            1,
            1,
            1,
            1,
            1,
            2,
            2,
            2,
            2,
            2,
            1
        ],
        "edges": [
            [
                0,
                1,
                2,
                3,
                4,
                5,
                6,
                7,
                8,
                9,
                10,
                11
            ],
            [
                0,
                3,
                5,
                11
            ],
            [
                1,
                3,
                10,
                12
            ]
        ]
    }
]