[
    {
            "labels": [
                2,
                1,
                2,
                1,
                1,
                2,
                2,
                1,
                1,
                1
            ],
            "edges": [
                [
                    0,
                    2,
                    5,
                    6
                ],
                [
                    1,
                    4,
                    8,
                    9
                ],
                [
                    3,
                    6
                ],
                [
                    3,
                    7,
                    9
                ]
            ]
        },
]