[
    {
        "labels": [
            2,
            2,
            1,
            1,
            2,
            1,
            1,
            2,
            2,
            2,
            2,
            2,
            1,
            1,
            2,
            1,
            2,
            1,
            2,
            2,
            2,
            2,
            2,
            2
        ],
        "edges": [
            [
                0,
                1,
                2,
                7,
                8,
                9,
                10,
                11,
                12,
                17
            ],
            [
                0,
                2,
                3,
                19,
                22,
                23
            ],
            [
                0,
                2,
                3,
                20,
                22
            ],
            [
                4,
                5,
                6,
                13,
                14,
                15,
                16,
                18,
                19,
                21
            ]
        ]
    },
    {
        "labels": [
            2,
            2,
            1,
            1,
            1,
            1,
            1,
            1,
            1,
            2,
            2,
            2,
            2,
            2,
            2,
            2,
            2,
            1,
            2,
            2,
            1,
            2,
            2,
            2,
            1,
            1,
            1,
            1,
            1
        ],
        "edges": [
            [
                0,
                1,
                2,
                3,
                4,
                6,
                7,
                9,
                10,
                11,
                12,
                15
            ],
            [
                0,
                3,
                6,
                15
            ],
            [
                5,
                8,
                9,
                13,
                14,
                16,
                17,
                18,
                19,
                21,
                22,
                23,
                24
            ],
            [
                5,
                8,
                9,
                13,
                14,
                16,
                17,
                20,
                24,
                25,
                26,
                27,
                28
            ]
        ]
    },
    {
        "labels": [
            2,
            1,
            1,
            1,
            2,
            2,
            1,
            2,
            1,
            1,
            1,
            2,
            1,
            1,
            2,
            2,
            2,
            1,
            2,
            1,
            1,
            2,
            2,
            2,
            2
        ],
        "edges": [
            [
                0,
                1,
                2,
                13,
                21,
                23
            ],
            [
                1,
                2,
                18,
                23,
                24
            ],
            [
                2,
                3,
                4,
                5,
                6,
                7,
                8,
                9,
                10,
                11,
                12,
                14,
                15,
                16
            ],
            [
                17,
                19,
                20,
                22,
                23
            ]
        ]
    },
    {
        "labels": [
            2,
            2,
            2,
            1,
            2,
            1,
            2,
            2,
            2,
            2,
            1,
            2,
            2,
            1,
            1,
            1,
            1,
            1,
            2
        ],
        "edges": [
            [
                0,
                1,
                3,
                4,
                6,
                7,
                8,
                12,
                13,
                16
            ],
            [
                2,
                4,
                6,
                8,
                12,
                14,
                15,
                17,
                18
            ],
            [
                2,
                14,
                15,
                18
            ],
            [
                5,
                7,
                9,
                10,
                11
            ]
        ]
    },
    {
        "labels": [
            2,
            2,
            1,
            1,
            2,
            1,
            2,
            1,
            1,
            2,
            2,
            2,
            2,
            2,
            2,
            1,
            2,
            2,
            2,
            2,
            2,
            1,
            2,
            2,
            2,
            2
        ],
        "edges": [
            [
                0,
                1,
                2,
                3,
                4,
                5,
                7,
                8,
                10,
                11,
                12,
                13,
                14,
                15,
                16
            ],
            [
                0,
                1,
                2,
                4,
                5,
                6,
                7,
                8,
                9,
                10,
                11,
                12,
                13
            ],
            [
                0,
                1,
                2,
                4,
                5,
                7,
                8,
                10,
                11,
                12,
                13,
                14,
                16
            ],
            [
                2,
                3,
                14,
                15,
                17,
                18,
                19,
                20,
                21,
                22,
                23,
                24,
                25
            ]
        ]
    },
    {
        "labels": [
            2,
            2,
            1,
            1,
            1,
            1,
            2,
            1,
            1,
            2,
            1,
            1,
            1,
            2,
            2,
            2,
            2,
            2,
            2,
            2,
            2,
            2
        ],
        "edges": [
            [
                0,
                1,
                2,
                6,
                7,
                9,
                10,
                12,
                13,
                14,
                15,
                16,
                19
            ],
            [
                0,
                1,
                3,
                6,
                7,
                9,
                10,
                12,
                13,
                15,
                16,
                17,
                18
            ],
            [
                0,
                1,
                3,
                6,
                7,
                10,
                12,
                15,
                16,
                17,
                18,
                20,
                21
            ],
            [
                2,
                3,
                4,
                5,
                7,
                8,
                10,
                11,
                12,
                13,
                14,
                15,
                16
            ]
        ]
    },
    {
        "labels": [
            2,
            1,
            2,
            2,
            1,
            1,
            2,
            2,
            1,
            2,
            2,
            1,
            1,
            2,
            2,
            2,
            2,
            2,
            2,
            2,
            1,
            1,
            2,
            1,
            1,
            2
        ],
        "edges": [
            [
                0,
                1,
                3,
                18,
                20
            ],
            [
                0,
                3,
                7,
                10,
                18,
                21,
                23,
                24,
                25
            ],
            [
                2,
                3,
                4,
                6,
                8,
                9,
                11,
                12,
                13,
                14,
                15,
                16,
                22
            ],
            [
                2,
                3,
                5,
                6,
                8,
                9,
                11,
                12,
                13,
                15,
                16,
                17,
                19
            ]
        ]
    },
    {
        "labels": [
            2,
            2,
            2,
            1,
            1,
            2,
            1,
            1,
            1,
            2,
            2,
            2,
            2,
            1,
            1,
            2,
            1,
            2,
            2
        ],
        "edges": [
            [
                0,
                13,
                14,
                17
            ],
            [
                1,
                2,
                3,
                4,
                5,
                6,
                7,
                8,
                9,
                10,
                11,
                12,
                15,
                16,
                17
            ],
            [
                1,
                2,
                3,
                4,
                5,
                6,
                9,
                10,
                11,
                12,
                15,
                16,
                17,
                18
            ],
            [
                1,
                2,
                3,
                5,
                6,
                7,
                8,
                9,
                10,
                11,
                12,
                15,
                17
            ]
        ]
    },
    {
        "labels": [
            2,
            2,
            1,
            1,
            2,
            1,
            2,
            1,
            1,
            2,
            2,
            2,
            2,
            2,
            2,
            1,
            2,
            2,
            2,
            2,
            2,
            2,
            1
        ],
        "edges": [
            [
                0,
                1,
                2,
                3,
                4,
                5,
                7,
                8,
                10,
                11,
                12,
                13,
                14,
                15,
                16
            ],
            [
                0,
                1,
                2,
                4,
                5,
                6,
                7,
                8,
                9,
                10,
                11,
                12,
                13
            ],
            [
                0,
                1,
                2,
                4,
                5,
                7,
                8,
                10,
                11,
                12,
                13,
                14,
                16
            ],
            [
                2,
                3,
                4,
                10,
                12,
                14,
                15,
                17,
                18,
                19,
                20,
                21,
                22
            ]
        ]
    },
    {
        "labels": [
            2,
            1,
            2,
            2,
            2,
            2,
            1,
            1,
            1,
            1,
            1,
            2,
            1,
            2,
            2,
            2,
            1,
            2,
            2,
            2,
            2
        ],
        "edges": [
            [
                0,
                3,
                4,
                8,
                16
            ],
            [
                1,
                2,
                5,
                7,
                9,
                10,
                11,
                12,
                14,
                15
            ],
            [
                3,
                8,
                16,
                18,
                19,
                20
            ],
            [
                6,
                13,
                15,
                16,
                17
            ]
        ]
    },
    {
        "labels": [
            2,
            2,
            2,
            2,
            1,
            1,
            1,
            1,
            1,
            1,
            2,
            1,
            2,
            1,
            2,
            1,
            2,
            2,
            2,
            2,
            2
        ],
        "edges": [
            [
                0,
                1,
                2,
                3,
                4,
                5,
                6,
                10,
                12
            ],
            [
                2,
                4,
                5,
                6,
                8,
                9,
                11,
                13,
                14,
                16
            ],
            [
                4,
                6,
                12,
                17,
                18,
                19,
                20
            ],
            [
                7,
                13,
                15
            ]
        ]
    },
    {
        "labels": [
            2,
            2,
            1,
            1,
            1,
            2,
            1,
            2,
            1,
            1,
            2,
            2,
            2,
            2,
            2,
            2,
            2,
            2,
            1,
            2,
            1,
            2,
            1,
            1,
            1,
            1,
            1,
            1,
            1,
            1
        ],
        "edges": [
            [
                0,
                1,
                2,
                5,
                6,
                7,
                8,
                9,
                10,
                11,
                12,
                13,
                16
            ],
            [
                0,
                1,
                3,
                4,
                5,
                6,
                8,
                9,
                12,
                13,
                14,
                15,
                17,
                18,
                19
            ],
            [
                3,
                4,
                5,
                12,
                14,
                17,
                18,
                20,
                22,
                23,
                25,
                26,
                27
            ],
            [
                3,
                4,
                5,
                12,
                17,
                18,
                20,
                21,
                22,
                23,
                24,
                25,
                26,
                27,
                28,
                29
            ]
        ]
    },
    {
        "labels": [
            2,
            2,
            2,
            1,
            1,
            1,
            1,
            2,
            1,
            2,
            1,
            2,
            1,
            1,
            1,
            1,
            2,
            1,
            2,
            2,
            2,
            2,
            2,
            2,
            2,
            2,
            2,
            2,
            2
        ],
        "edges": [
            [
                0,
                1,
                3,
                8,
                10,
                12,
                13,
                14,
                18,
                19,
                20,
                21,
                22
            ],
            [
                2,
                4,
                5,
                26,
                27,
                28
            ],
            [
                4,
                14,
                24,
                25
            ],
            [
                5,
                6,
                7,
                9,
                11,
                15,
                16,
                17,
                23
            ]
        ]
    },
    {
        "labels": [
            2,
            2,
            2,
            2,
            2,
            1,
            1,
            1,
            1,
            2,
            2,
            1,
            2,
            2
        ],
        "edges": [
            [
                0,
                1,
                2,
                3,
                4,
                6,
                7,
                8,
                9
            ],
            [
                0,
                2,
                3,
                4,
                5,
                6,
                7,
                9,
                10
            ],
            [
                3,
                5,
                6,
                12
            ],
            [
                5,
                7,
                11,
                12,
                13
            ]
        ]
    },
    {
        "labels": [
            1,
            1,
            1,
            2,
            2,
            2,
            2,
            2,
            2,
            2,
            2,
            2,
            1,
            1,
            1,
            1,
            2,
            2,
            2,
            1
        ],
        "edges": [
            [
                0,
                3,
                6,
                9,
                13,
                14,
                15,
                17,
                18
            ],
            [
                1,
                2,
                4,
                5,
                7
            ],
            [
                1,
                2,
                5,
                7,
                8,
                10,
                11,
                12,
                16,
                17
            ],
            [
                2,
                5,
                7,
                11,
                12,
                16,
                19
            ]
        ]
    },
    {
        "labels": [
            2,
            2,
            1,
            1,
            1,
            1,
            1,
            2,
            1,
            1,
            2,
            1,
            1,
            1,
            2,
            2,
            2,
            2,
            2,
            2,
            2,
            2,
            1,
            2,
            2
        ],
        "edges": [
            [
                0,
                1,
                2,
                7,
                8,
                10,
                11,
                13,
                14,
                15,
                16,
                17,
                20
            ],
            [
                0,
                1,
                3,
                6,
                7,
                8,
                11,
                13,
                16,
                17,
                18,
                19,
                21,
                22,
                23
            ],
            [
                0,
                1,
                3,
                6,
                7,
                8,
                16,
                17,
                18,
                19,
                21,
                22,
                23,
                24
            ],
            [
                2,
                3,
                4,
                5,
                8,
                9,
                11,
                12,
                13,
                14,
                15,
                16,
                17
            ]
        ]
    },
    {
        "labels": [
            2,
            2,
            2,
            1,
            2,
            2,
            2,
            1,
            1,
            2,
            2,
            2,
            2,
            1,
            2,
            2,
            1,
            1,
            2,
            2,
            2
        ],
        "edges": [
            [
                0,
                4,
                6,
                8,
                13
            ],
            [
                1,
                2,
                3,
                5,
                9,
                10,
                11,
                15,
                16,
                17
            ],
            [
                4,
                8,
                13,
                18,
                19,
                20
            ],
            [
                7,
                10,
                12,
                13,
                14
            ]
        ]
    },
    {
        "labels": [
            2,
            1,
            1,
            2,
            1,
            1,
            1,
            2,
            1,
            1,
            1,
            2,
            1,
            2,
            2,
            2,
            2
        ],
        "edges": [
            [
                0,
                1,
                2,
                11,
                14
            ],
            [
                0,
                1,
                3,
                4
            ],
            [
                1,
                2,
                7,
                14,
                15
            ],
            [
                5,
                6,
                8,
                9,
                10,
                12,
                13,
                14,
                16
            ]
        ]
    },
    {
        "labels": [
            2,
            2,
            1,
            1,
            2,
            2,
            2,
            1,
            1,
            1,
            1,
            2,
            1,
            2,
            2,
            2,
            2,
            2,
            2
        ],
        "edges": [
            [
                0,
                2,
                3,
                6
            ],
            [
                1,
                4,
                5,
                6,
                7,
                8,
                9,
                11,
                13
            ],
            [
                5,
                8,
                9,
                10,
                12,
                14
            ],
            [
                7,
                9,
                13,
                15,
                16,
                17,
                18
            ]
        ]
    },
    {
        "labels": [
            2,
            2,
            1,
            1,
            1,
            2,
            1,
            2,
            1,
            1,
            2,
            2,
            2,
            2,
            2,
            2,
            2,
            2,
            1,
            2,
            1,
            1,
            1,
            1,
            1,
            1
        ],
        "edges": [
            [
                0,
                1,
                2,
                5,
                6,
                7,
                8,
                9,
                10,
                11,
                12,
                13,
                16
            ],
            [
                0,
                1,
                3,
                4,
                5,
                6,
                8,
                9,
                12,
                13,
                14,
                15,
                17,
                18,
                19
            ],
            [
                0,
                1,
                3,
                5,
                6,
                7,
                8,
                9,
                10,
                12,
                13,
                14,
                15
            ],
            [
                3,
                4,
                5,
                12,
                14,
                17,
                18,
                20,
                21,
                22,
                23,
                24,
                25
            ]
        ]
    }

]
