[
    {
        "labels": [
            2,
            1,
            1,
            1,
            2,
            1,
            2
        ],
        "edges": [
            [
                0,
                1,
                2,
                3,
                6
            ],
            [
                0,
                1,
                4,
                5
            ]
        ]
    },
    {
        "labels": [
            2,
            1,
            2,
            1,
            2,
            2,
            2,
            1,
            2,
            1,
            2
        ],
        "edges": [
            [
                0,
                1,
                2,
                4,
                5,
                6,
                7,
                9,
                10
            ],
            [
                1,
                3,
                6,
                8
            ]
        ]
    },
    {
        "labels": [
            1,
            1,
            2,
            1,
            2,
            2,
            2,
            2,
            2
        ],
        "edges": [
            [
                0,
                1,
                6,
                7,
                8
            ],
            [
                1,
                2,
                3,
                4,
                5
            ]
        ]
    },
    {
        "labels": [
            2,
            2,
            1,
            1,
            1,
            1,
            1,
            2,
            2,
            2,
            2,
            2
        ],
        "edges": [
            [
                0,
                1,
                2,
                3,
                4,
                5,
                6,
                7,
                8,
                9,
                10,
                11
            ],
            [
                0,
                2,
                4,
                11
            ]
        ]
    },
    {
        "labels": [
            2,
            1,
            1,
            2,
            2,
            2,
            2,
            2,
            2,
            2,
            1
        ],
        "edges": [
            [
                0,
                1,
                2,
                3
            ],
            [
                1,
                4,
                5,
                6,
                7,
                8,
                9,
                10
            ]
        ]
    },
    {
        "labels": [
            1,
            1,
            2,
            2,
            2,
            2,
            1
        ],
        "edges": [
            [
                0,
                1,
                2,
                3,
                4
            ],
            [
                1,
                3,
                4,
                5,
                6
            ]
        ]
    },
    {
        "labels": [
            1,
            1,
            2,
            1,
            2,
            2
        ],
        "edges": [
            [
                0,
                1,
                2,
                4,
                5
            ],
            [
                0,
                1,
                3,
                4,
                5
            ]
        ]
    },
    {
        "labels": [
            2,
            1,
            1,
            1,
            2,
            1,
            1,
            1,
            1,
            2,
            2
        ],
        "edges": [
            [
                0,
                1,
                2,
                3,
                9,
                10
            ],
            [
                4,
                5,
                6,
                7,
                8,
                10
            ]
        ]
    },
    {
        "labels": [
            2,
            2,
            2,
            2,
            1,
            1,
            1,
            1,
            2,
            2
        ],
        "edges": [
            [
                0,
                1,
                2,
                3,
                4,
                5,
                6,
                8,
                9
            ],
            [
                2,
                5,
                7
            ]
        ]
    },
    {
        "labels": [
            1,
            1,
            2,
            1,
            1,
            2,
            2,
            2,
            2,
            2
        ],
        "edges": [
            [
                0,
                1,
                6,
                8,
                9
            ],
            [
                2,
                3,
                4,
                5,
                6,
                7
            ]
        ]
    },
    {
        "labels": [
            2,
            2,
            2,
            2,
            1,
            1,
            1,
            2,
            2,
            2,
            2,
            1,
            2,
            1
        ],
        "edges": [
            [
                0,
                1,
                2,
                3,
                4,
                5,
                6,
                7,
                8
            ],
            [
                6,
                8,
                9,
                10,
                11,
                12,
                13
            ]
        ]
    },
    {
        "labels": [
            1,
            1,
            1,
            2,
            2,
            2,
            2,
            2,
            2,
            2
        ],
        "edges": [
            [
                0,
                1,
                2,
                4,
                5,
                6,
                7,
                8,
                9
            ],
            [
                0,
                1,
                3,
                5,
                6
            ]
        ]
    },
    {
        "labels": [
            1,
            1,
            2,
            2,
            2,
            2,
            2,
            1,
            2,
            2
        ],
        "edges": [
            [
                0,
                1,
                2,
                3,
                4,
                5,
                6,
                7,
                8,
                9
            ],
            [
                1,
                2,
                3,
                5,
                7
            ]
        ]
    },
    {
        "labels": [
            2,
            1,
            1,
            1,
            1,
            2,
            2
        ],
        "edges": [
            [
                0,
                2,
                4,
                5,
                6
            ],
            [
                1,
                2,
                3,
                5,
                6
            ]
        ]
    },
    {
        "labels": [
            2,
            2,
            1,
            1,
            2,
            1,
            1,
            1,
            2,
            2,
            2,
            2,
            2,
            1,
            2
        ],
        "edges": [
            [
                0,
                1,
                2,
                3,
                4,
                5,
                6,
                7,
                8,
                9,
                10,
                11,
                12,
                13,
                14
            ],
            [
                0,
                1,
                2,
                4,
                5,
                6,
                7,
                8,
                9,
                10,
                11,
                12,
                14
            ]
        ]
    },
    {
        "labels": [
            1,
            1,
            1,
            1,
            1,
            1,
            2,
            2,
            2
        ],
        "edges": [
            [
                0,
                1,
                2,
                3,
                4,
                5,
                6,
                7,
                8
            ],
            [
                1,
                3,
                4,
                6,
                7
            ]
        ]
    },
    {
        "labels": [
            2,
            1,
            1,
            1,
            2,
            1,
            2
        ],
        "edges": [
            [
                0,
                1,
                2,
                3,
                6
            ],
            [
                0,
                1,
                4,
                5
            ]
        ]
    },
    {
        "labels": [
            2,
            2,
            1,
            2,
            1,
            2,
            1,
            1,
            2,
            2,
            2,
            2,
            2,
            2,
            2
        ],
        "edges": [
            [
                0,
                1,
                2,
                3,
                4,
                5,
                6,
                7,
                8,
                9,
                10,
                11,
                12
            ],
            [
                0,
                1,
                2,
                3,
                4,
                6,
                7,
                9,
                10,
                11,
                12,
                13,
                14
            ]
        ]
    },
    {
        "labels": [
            1,
            1,
            2,
            2,
            2,
            2,
            2,
            2,
            1
        ],
        "edges": [
            [
                0,
                1,
                2,
                3,
                4,
                5,
                6,
                7,
                8
            ],
            [
                1,
                2,
                4,
                7,
                8
            ]
        ]
    },
    {
        "labels": [
            1,
            1,
            2,
            2,
            2,
            2,
            2,
            2,
            2,
            2,
            1
        ],
        "edges": [
            [
                0,
                1,
                2,
                5,
                6
            ],
            [
                0,
                1,
                3,
                4,
                6,
                7,
                8,
                9,
                10
            ]
        ]
    }
]